[1 3 5 6 8 9 12]
[66 67 70 72 73 74 75]
[66 67 70 72 73 74 75]
[18 20 22 25 28 31]
[85 86 87 90 93]
[5 6 7 10 12 15 16]
[38 41 44 45 47]
[73 76 79 82 85 88]
[73 76 79 82 85 88]
[23 25 28 29 32 35]
[36 39 42 43 46 47]
[26 27 28 31 33 34 35]
[26 27 28 31 33 34 35]
[27 29 32 35 38 41]
[75 76 79 81 84 85 87]
[10 8 7 6 3 1]
[69 68 65 62 61 58]
[69 68 65 62 61 58]
[76 74 71 68 67]
[84 81 80 78 76]
[67 66 65 62]
[67 66 63 62]
[95 93 91 88]
[69 67 64 62 60 58 56]
[69 67 64 62 60 58 56]
[52 50 47 46 44]
[11 9 7 4]
[57 54 53 50 49]
[57 54 53 50 49]
[88 87 84 83 81 80 79]
[29 26 24 23 22]
[76 73 70 68 67]
[54 56 59 61 62]
[3 4 7 9 12 13 16]
[3 4 7 9 12 13 16]
[17 19 21 24 27]
[23 26 27 28]
[32 34 37 39]
[32 34 37 39]
[79 82 84 85 88 91 93]
[41 42 44 46 47 48 51]
[46 49 52 54]
[57 58 61 64 66 69 72]
[57 58 61 64 66 69 72]
[57 59 62 63 66 69]
[57 59 62 63 64]
[61 58 57 56]
[61 58 57 54]
[28 26 23 22 19 16 13]
[28 26 23 22 19 16 13]
[54 51 49 46]
[41 38 37 36]
[91 89 87 84 83 81]
[69 66 63 60 58 56]
[69 66 63 60 58 56]
[31 28 26 24]
[29 28 26 24]
[75 72 69 68 67]
[65 62 61 58 55]
[65 62 61 58 55]
[10 8 7 5 2]
[40 39 38 36 35 32 29]
[71 74 75 78 79 81]
[71 74 75 78 79 82]
[56 59 60 62 65]
[87 86 83 81]
[80 78 75 72 69 67]
[15 16 18 20]
[15 16 18 20]
[53 50 49 48 46]
[51 50 49 48]
[51 50 49 48]
[45 46 49 52]
[26 28 29 32 35 37 39]
[84 82 81 79 78 76 74]
[71 72 73 75]
[57 56 55 52 50 48]
[57 56 55 52 50 47]
[59 61 64 67 70 73]
[57 59 61 64 67 70]
[16 19 21 22 25]
[13 16 19 22 25]
[13 16 19 21 22]
[16 15 12 9]
[18 15 12 9]
[18 16 15 12]
[18 20 23 24 26]
[17 20 23 24 26]
[17 18 20 23 26]
[17 18 20 23 24]
[66 68 69 70 72 75]
[63 66 69 70 72 75]
[63 66 68 70 72 75]
[63 66 68 69 72 75]
[63 66 68 69 70 72]
[38 40 43 44]
[36 38 40 43]
[40 42 43 44 45 48]
[37 40 43 44 45 48]
[37 40 42 44 45 48]
[37 40 42 43 45 48]
[37 40 42 43 44 45]
[42 39 37 35 34]
[44 42 39 37 34]
[44 42 39 37 35]
[8 7 5 2]
[11 8 5 2]
[11 8 7 5]
[54 55 57 58]
[52 55 57 58]
[52 54 57 58]
[52 54 55 58]
[52 54 55 57]
[17 18 20 23 25 26]
[16 18 20 23 25 26]
[16 17 20 23 25 26]
[16 17 18 20 23 26]
[16 17 18 20 23 25]
[86 83 80 77 74 73]
[87 86 83 80 77 74]
[19 22 24 26 29 31]
[16 19 22 24 26 29]
[31 33 36 37 39]
[29 31 33 36 39]
[29 31 33 36 37]
[43 42 40 37 34 33 32]
[46 43 40 37 34 33 32]
[46 43 42 40 37 34 32]
[46 43 42 40 37 34 33]
[87 90 91 93 95]
[84 87 90 93 95]
[84 87 90 91 93]
[51 54 55 58 60]
[49 51 54 55 58]
[61 59 58 56 53 50]
[63 61 58 56 53 50]
[63 61 59 56 53 50]
[63 61 59 58 56 53]
[11 12 13 16 18 21 22]
[9 12 13 16 18 21 22]
[9 11 13 16 18 21 22]
[9 11 12 13 16 18 21]
[60 59 58 56 55]
[61 59 58 56 55]
[61 60 58 56 55]
[61 60 59 56 55]
[61 60 59 58 55]
[61 60 59 58 56]
[74 76 79 82]
[73 76 79 82]
[73 74 76 79]
[90 93 95 96 99]
[88 90 93 96 99]
[88 90 93 95 96]
[58 61 64 67 70]
[56 58 61 64 67]
[79 78 75 72 70 69]
[82 79 78 75 72 69]
[82 79 78 75 72 70]
[3 4 5 6 8]
[2 4 5 6 8]
[2 3 5 6 8]
[2 3 4 6 8]
[2 3 4 5 8]
[2 3 4 5 6]
[31 28 27 24 23 22]
[32 31 28 27 24 22]
[32 31 28 27 24 23]
[64 61 58 57 55]
[65 64 61 58 55]
[65 64 61 58 57]
[55 52 49 46 45 43 40]
[57 55 52 49 46 43 40]
[57 55 52 49 46 45 43]
[56 53 51 49 47 45]
[57 56 53 51 49 47]
[4 5 7 8 10 11]
[2 5 7 8 10 11]
[2 4 7 8 10 11]
[2 4 5 8 10 11]
[2 4 5 7 10 11]
[2 4 5 7 8 11]
[2 4 5 7 8 10]
[69 67 65 64 61 59]
[71 69 67 64 61 59]
[71 69 67 65 64 61]
[48 49 51 53 55]
[46 49 51 53 55]
[46 48 51 53 55]
[46 48 49 51 53]
[73 70 68 65 62]
[74 73 70 68 65]
[64 65 68 71]
[62 65 68 71]
[62 64 65 68]
[35 32 31 28 25 23 20]
[37 35 32 31 28 25 23]
[57 54 51 48 45 42 40]
[58 57 54 51 48 45 42]
[68 69 71 74]
[66 69 71 74]
[66 68 71 74]
[66 68 69 71]
[7 9 12 14 17 19 22]
[4 7 9 12 14 17 19]
[45 48 51 52 54]
[42 45 48 51 54]
[42 45 48 51 52]
[52 53 56 57 58]
[50 53 56 57 58]
[50 52 53 56 58]
[50 52 53 56 57]
[51 50 49 47 46 45 42]
[52 50 49 47 46 45 42]
[52 51 49 47 46 45 42]
[52 51 50 47 46 45 42]
[52 51 50 49 46 45 42]
[52 51 50 49 47 45 42]
[52 51 50 49 47 46 45]
[51 49 48 46 43 40]
[53 51 48 46 43 40]
[53 51 49 46 43 40]
[53 51 49 48 46 43]
[90 87 84 83 80 77]
[91 90 87 84 83 80]
[84 82 79 78]
[87 84 82 79]
[18 19 22 25 27 29 32]
[17 19 22 25 27 29 32]
[17 18 19 22 25 27 29]
[91 88 87 86 84]
[94 91 88 86 84]
[94 91 88 87 84]
[94 91 88 87 86]
[91 92 93 95 98]
[90 92 93 95 98]
[90 91 93 95 98]
[90 91 92 95 98]
[90 91 92 93 95]
[6 9 11 13]
[4 6 9 11]
[81 84 87 89 92 94 96]
[79 81 84 87 89 92 94]
[40 37 36 34 32 29 28]
[42 40 37 34 32 29 28]
[42 40 37 36 34 32 29]
[71 72 74 76]
[70 72 74 76]
[70 71 74 76]
[70 71 72 74]
[25 28 30 33 36 38 41]
[22 25 28 30 33 36 38]
[54 57 60 62 63]
[52 54 57 60 63]
[52 54 57 60 62]
[71 69 66 63]
[72 69 66 63]
[72 71 69 66]
[15 13 11 8 6 3 1]
[18 15 13 11 8 6 3]
[28 26 23 21 19 18 17]
[31 28 26 23 21 18 17]
[31 28 26 23 21 19 17]
[31 28 26 23 21 19 18]
[54 56 59 60 63 65]
[52 54 56 59 60 63]
[7 8 9 10 12 14 17]
[5 8 9 10 12 14 17]
[5 7 9 10 12 14 17]
[5 7 8 10 12 14 17]
[5 7 8 9 12 14 17]
[5 7 8 9 10 12 14]
[92 89 88 85]
[93 92 89 88]
[73 70 69 68 67 64]
[75 73 70 68 67 64]
[75 73 70 69 67 64]
[75 73 70 69 68 67]
[19 21 22 25]
[18 21 22 25]
[18 19 22 25]
[18 19 21 22]
[34 36 39 41 44 46]
[31 34 36 39 41 44]
[96 94 92 90 87 84]
[97 94 92 90 87 84]
[97 96 94 92 90 87]
[26 23 21 18]
[28 26 23 21]
[18 15 14 13 11]
[21 18 15 13 11]
[21 18 15 14 11]
[21 18 15 14 13]
[16 17 19 20]
[13 16 19 20]
[13 16 17 20]
[13 16 17 19]
[46 43 40 38 35]
[49 46 43 40 38]
[69 67 65 63 62 59 56]
[72 69 67 65 62 59 56]
[72 69 67 65 63 62 59]
[57 54 52 50 49 46]
[60 57 54 52 49 46]
[60 57 54 52 50 49]
[40 41 42 43 46 47]
[37 40 42 43 46 47]
[37 40 41 43 46 47]
[37 40 41 42 43 46]
[61 64 65 67]
[59 61 64 67]
[59 61 64 65]
[31 28 25 22 19 18 17]
[33 31 28 25 22 19 17]
[33 31 28 25 22 19 18]
[3 4 7 8 10 12]
[2 4 7 8 10 12]
[2 3 4 7 10 12]
[2 3 4 7 8 10]
[80 79 76 74 71 69 68]
[82 79 76 74 71 69 68]
[82 80 79 76 74 71 68]
[82 80 79 76 74 71 69]
[42 39 38 37 34 31 30]
[45 42 39 37 34 31 30]
[45 42 39 38 37 34 31]
[41 43 44 47 50]
[40 43 44 47 50]
[40 41 44 47 50]
[40 41 43 44 47]
[41 42 44 45]
[40 42 44 45]
[40 41 44 45]
[40 41 42 45]
[40 41 42 44]
[78 80 81 84 85]
[75 78 81 84 85]
[75 78 80 81 84]
[34 35 37 39 40 41 44]
[32 35 37 39 40 41 44]
[32 34 37 39 40 41 44]
[32 34 35 37 40 41 44]
[32 34 35 37 39 41 44]
[32 34 35 37 39 40 41]
[49 47 44 43 42 40 37]
[51 49 47 44 42 40 37]
[51 49 47 44 43 40 37]
[51 49 47 44 43 42 40]
[38 41 42 45 47 48 51]
[35 38 41 42 45 48 51]
[35 38 41 42 45 47 48]
[34 35 37 38 40 42 43]
[33 35 37 38 40 42 43]
[33 34 37 38 40 42 43]
[33 34 35 38 40 42 43]
[33 34 35 37 40 42 43]
[33 34 35 37 38 40 43]
[33 34 35 37 38 40 42]
[38 35 33 31 28 25 22]
[41 38 35 33 31 28 25]
[67 69 70 71 73 74]
[64 67 70 71 73 74]
[64 67 69 71 73 74]
[64 67 69 70 73 74]
[64 67 69 70 71 74]
[64 67 69 70 71 73]
[63 65 67 68 70 73]
[62 65 67 68 70 73]
[62 63 65 68 70 73]
[62 63 65 67 70 73]
[62 63 65 67 68 70]
[89 88 85 82]
[92 89 88 85]
[15 12 9 8 5 3]
[18 15 12 9 8 5]
[50 52 55 56 57]
[48 50 52 55 57]
[48 50 52 55 56]
[54 52 50 47 44 43 41]
[56 54 52 50 47 44 41]
[56 54 52 50 47 44 43]
[83 85 88 89 90]
[82 85 88 89 90]
[82 83 85 88 90]
[82 83 85 88 89]
[70 72 74 77 78]
[68 70 72 74 77]
[26 24 22 21 19 17 15]
[28 26 24 21 19 17 15]
[28 26 24 22 19 17 15]
[28 26 24 22 21 19 17]
[87 89 90 93 94 95]
[86 89 90 93 94 95]
[86 87 90 93 94 95]
[86 87 89 90 93 95]
[86 87 89 90 93 94]
[47 46 43 40 38 36 34]
[48 46 43 40 38 36 34]
[48 47 46 43 40 38 36]
[39 37 35 33 31 29 26]
[42 39 37 35 33 31 29]
[78 81 84 86 88 91]
[75 78 81 84 86 88]
[96 94 93 90]
[97 94 93 90]
[97 96 93 90]
[97 96 94 93]
[33 36 37 38]
[32 33 36 38]
[32 33 36 37]
[28 27 24 21 18 15 14]
[31 28 27 24 21 18 15]
[91 93 96 98 99]
[90 93 96 98 99]
[90 91 93 96 99]
[90 91 93 96 98]
[75 76 79 81]
[72 75 76 79]
[29 31 33 34 35 36 38]
[26 29 31 34 35 36 38]
[26 29 31 33 35 36 38]
[26 29 31 33 34 36 38]
[26 29 31 33 34 35 38]
[26 29 31 33 34 35 36]
[42 39 38 37]
[43 42 39 37]
[43 42 39 38]
[20 17 15 14]
[23 20 17 14]
[23 20 17 15]
[83 86 89 92 95]
[82 83 86 89 92]
[12 11 9 6]
[14 11 9 6]
[14 12 9 6]
[14 12 11 9]
[71 72 73 74 77]
[70 72 73 74 77]
[70 71 73 74 77]
[70 71 72 74 77]
[70 71 72 73 74]
[77 80 81 82 83 86 89]
[74 77 80 82 83 86 89]
[74 77 80 81 83 86 89]
[74 77 80 81 82 83 86]
[61 63 65 68 71 72]
[59 61 63 65 68 71]
[70 72 75 78 79 81]
[69 72 75 78 79 81]
[69 70 72 75 78 81]
[69 70 72 75 78 79]
[54 56 59 62 64 65 68]
[51 54 56 59 62 65 68]
[51 54 56 59 62 64 65]
[85 87 88 89]
[83 85 88 89]
[83 85 87 89]
[83 85 87 88]
[84 87 90 91 94 95]
[83 84 87 90 91 94]
[57 54 53 50]
[59 57 54 53]
[14 12 9 6 3]
[16 14 12 9 6]
[69 67 64 62 61 58 57]
[72 69 67 64 61 58 57]
[72 69 67 64 62 61 58]
[96 95 94 91 89 86 83]
[99 96 94 91 89 86 83]
[99 96 95 94 91 89 86]
[42 40 39 36]
[45 42 39 36]
[45 42 40 39]
[66 67 70 73 74 76]
[65 67 70 73 74 76]
[65 66 67 70 73 76]
[65 66 67 70 73 74]
[42 45 48 49 52]
[39 42 45 48 49]
[61 60 57 55 54 51 50]
[64 61 60 57 54 51 50]
[64 61 60 57 55 54 51]
[39 36 34 31 30]
[42 39 36 34 31]
[31 32 33 34 36 39 40]
[28 31 33 34 36 39 40]
[28 31 32 34 36 39 40]
[28 31 32 33 36 39 40]
[28 31 32 33 34 36 39]
[40 43 45 46 47 50]
[38 40 43 46 47 50]
[38 40 43 45 47 50]
[38 40 43 45 46 47]
[94 91 89 87]
[95 94 91 89]
[41 43 45 46 48 51 54]
[38 41 43 46 48 51 54]
[38 41 43 45 48 51 54]
[38 41 43 45 46 48 51]
[48 45 44 43 40 39 37]
[49 48 45 43 40 39 37]
[49 48 45 44 43 40 37]
[49 48 45 44 43 40 39]
[8 10 12 15 18 19 22]
[5 8 10 12 15 18 19]
[35 37 39 41 42]
[34 37 39 41 42]
[34 35 37 39 42]
[34 35 37 39 41]
[66 67 68 71]
[65 67 68 71]
[65 66 68 71]
[65 66 67 68]
[39 36 34 33 32]
[42 39 36 33 32]
[42 39 36 34 32]
[42 39 36 34 33]
[78 77 75 72 69]
[81 78 75 72 69]
[81 78 77 75 72]
[59 58 55 53 51]
[60 58 55 53 51]
[60 59 58 55 53]
[80 82 84 85 88 91]
[79 82 84 85 88 91]
[79 80 82 85 88 91]
[79 80 82 84 85 88]
[76 73 70 67 64 62]
[79 76 73 70 67 64]
[96 95 92 91 88 87]
[99 96 95 92 91 88]
[14 11 9 7 6]
[15 14 11 9 6]
[15 14 11 9 7]
[9 8 6 3]
[11 8 6 3]
[11 9 6 3]
[11 9 8 6]
[41 43 44 46 48]
[38 41 44 46 48]
[38 41 43 46 48]
[38 41 43 44 46]
[31 32 34 36 37 38]
[30 32 34 36 37 38]
[30 31 34 36 37 38]
[30 31 32 34 37 38]
[30 31 32 34 36 38]
[30 31 32 34 36 37]
[83 84 87 89]
[80 83 84 87]
[37 36 34 33]
[39 36 34 33]
[39 37 34 33]
[39 37 36 33]
[39 37 36 34]
[35 32 30 28 26 25]
[38 35 32 30 28 25]
[38 35 32 30 28 26]
[40 38 36 33]
[42 40 38 36]
[56 59 61 63]
[54 56 59 61]
[11 13 15 16 19 22]
[8 11 13 16 19 22]
[8 11 13 15 16 19]
[77 80 82 83 86]
[75 77 80 83 86]
[75 77 80 82 83]
[20 23 24 27 28 30 33]
[17 20 23 24 27 30 33]
[17 20 23 24 27 28 30]
[77 79 80 82 84]
[76 79 80 82 84]
[76 77 80 82 84]
[76 77 79 82 84]
[76 77 79 80 82]
[36 39 42 43 46 49 50]
[33 36 39 42 43 46 49]
[18 20 22 25 28]
[16 18 20 22 25]
[46 49 51 53]
[44 46 49 51]
[41 44 46 47]
[39 41 44 47]
[39 41 44 46]
[76 77 78 80 83 85]
[75 77 78 80 83 85]
[75 76 78 80 83 85]
[75 76 77 80 83 85]
[75 76 77 78 80 83]
[11 12 14 17 20 22 23]
[8 11 14 17 20 22 23]
[8 11 12 14 17 20 23]
[8 11 12 14 17 20 22]
[63 60 58 57 54 53 51]
[64 63 60 57 54 53 51]
[64 63 60 58 57 54 51]
[64 63 60 58 57 54 53]
[61 63 64 65 66 67 68]
[59 61 64 65 66 67 68]
[59 61 63 65 66 67 68]
[59 61 63 64 66 67 68]
[59 61 63 64 65 67 68]
[59 61 63 64 65 66 68]
[59 61 63 64 65 66 67]
[41 38 35 32 29 26 23]
[43 41 38 35 32 29 26]
[78 76 74 72 70 67]
[79 76 74 72 70 67]
[79 78 76 74 72 70]
[37 40 43 45 46]
[35 37 40 43 46]
[35 37 40 43 45]
[5 6 8 10 12]
[4 6 8 10 12]
[4 5 8 10 12]
[4 5 6 8 10]
[32 29 28 25 23 21]
[34 32 29 28 25 23]
[62 64 67 70 71]
[60 62 64 67 70]
[38 37 35 33 32 30]
[40 37 35 33 32 30]
[40 38 35 33 32 30]
[40 38 37 35 32 30]
[40 38 37 35 33 30]
[40 38 37 35 33 32]
[70 73 75 78 80 83 84]
[67 70 73 75 78 80 83]
[35 38 40 42]
[34 35 38 40]
[28 29 30 33]
[26 29 30 33]
[26 28 30 33]
[26 28 29 30]
[53 50 48 47 46 43 41]
[55 53 50 47 46 43 41]
[55 53 50 48 46 43 41]
[55 53 50 48 47 46 43]
[54 52 50 48 45 42 39]
[57 54 52 50 48 45 42]
[59 62 65 67]
[57 59 62 65]
[27 28 29 31]
[25 28 29 31]
[25 27 29 31]
[25 27 28 31]
[25 27 28 29]
[5 6 7 10 12 15]
[4 6 7 10 12 15]
[4 5 7 10 12 15]
[4 5 6 7 10 12]
[62 65 67 68 70]
[59 62 65 68 70]
[59 62 65 67 70]
[59 62 65 67 68]
[30 28 27 26 24]
[33 30 27 26 24]
[33 30 28 26 24]
[33 30 28 27 24]
[33 30 28 27 26]
[28 27 26 23]
[30 27 26 23]
[30 28 26 23]
[30 28 27 26]
[32 34 35 36]
[29 32 35 36]
[29 32 34 36]
[29 32 34 35]
[70 69 67 64 61]
[73 70 67 64 61]
[73 70 69 67 64]
[60 61 63 66 67 70]
[59 61 63 66 67 70]
[59 60 63 66 67 70]
[59 60 61 63 66 67]
[61 58 57 54]
[63 61 58 57]
[49 52 53 55]
[48 49 52 55]
[48 49 52 53]
[53 50 49 48 47 46]
[54 53 50 48 47 46]
[54 53 50 49 47 46]
[54 53 50 49 48 46]
[54 53 50 49 48 47]
[23 21 19 17]
[26 23 21 19]
[28 26 25 23]
[29 26 25 23]
[29 28 25 23]
[29 28 26 23]
[29 28 26 25]
[23 21 20 18 15 13 10]
[25 23 20 18 15 13 10]
[25 23 21 18 15 13 10]
[25 23 21 20 18 15 13]
[74 72 69 66]
[76 74 72 69]
[95 92 89 86 84 81 79]
[98 95 92 89 86 84 81]
[87 86 84 82 79 76]
[90 87 84 82 79 76]
[90 87 86 84 82 79]
[51 54 55 57 58 60 61]
[48 51 54 57 58 60 61]
[48 51 54 55 58 60 61]
[48 51 54 55 57 60 61]
[48 51 54 55 57 58 61]
[48 51 54 55 57 58 60]
[92 91 89 86 84 83]
[93 91 89 86 84 83]
[93 92 89 86 84 83]
[93 92 91 89 86 83]
[93 92 91 89 86 84]
[14 13 10 7]
[16 13 10 7]
[16 14 13 10]
[41 39 38 37]
[44 41 38 37]
[44 41 39 37]
[44 41 39 38]
[82 79 77 75 74 73]
[85 82 79 77 74 73]
[85 82 79 77 75 73]
[85 82 79 77 75 74]
[16 19 21 23]
[14 16 19 21]
[58 57 56 54 51 48 47]
[61 58 56 54 51 48 47]
[61 58 57 54 51 48 47]
[61 58 57 56 54 51 48]
[21 22 25 26 27 28 29]
[19 22 25 26 27 28 29]
[19 21 22 25 27 28 29]
[19 21 22 25 26 28 29]
[19 21 22 25 26 27 29]
[19 21 22 25 26 27 28]
[72 69 68 66 63 61 60]
[74 72 69 66 63 61 60]
[74 72 69 68 66 63 60]
[74 72 69 68 66 63 61]
[58 60 62 64 65]
[56 58 60 62 65]
[56 58 60 62 64]
[55 53 51 49 48 47 45]
[56 53 51 49 48 47 45]
[56 55 53 51 48 47 45]
[56 55 53 51 49 47 45]
[56 55 53 51 49 48 45]
[56 55 53 51 49 48 47]
[80 81 84 85 86]
[78 81 84 85 86]
[78 80 81 84 86]
[78 80 81 84 85]
[26 25 22 20 17 16]
[28 25 22 20 17 16]
[28 26 25 22 20 17]
[49 52 53 55 58]
[47 49 52 55 58]
[47 49 52 53 55]
[91 93 94 95]
[90 93 94 95]
[90 91 94 95]
[90 91 93 95]
[90 91 93 94]
[12 15 16 18 21 22 25]
[9 12 15 18 21 22 25]
[9 12 15 16 18 21 22]
[55 54 53 50 48 47]
[57 54 53 50 48 47]
[57 55 53 50 48 47]
[57 55 54 53 50 47]
[57 55 54 53 50 48]
[79 81 83 85 87 90]
[77 79 81 83 85 87]
[39 37 34 33]
[42 39 37 34]
[84 83 80 77]
[87 84 83 80]
[19 17 16 15 12]
[21 19 16 15 12]
[21 19 17 15 12]
[21 19 17 16 15]
[61 63 65 68 71 72]
[58 61 63 65 68 71]
[49 50 51 54 56 57]
[46 49 51 54 56 57]
[46 49 50 51 54 57]
[46 49 50 51 54 56]
[58 57 54 51 48]
[61 58 57 54 51]
[21 23 26 29 31]
[18 21 23 26 29]
[77 74 73 71]
[80 77 74 71]
[80 77 74 73]
[83 82 80 79 78 75]
[85 82 80 79 78 75]
[85 83 80 79 78 75]
[85 83 82 79 78 75]
[85 83 82 80 78 75]
[85 83 82 80 79 78]
[93 90 87 85 83 81 80]
[94 93 90 87 85 83 80]
[94 93 90 87 85 83 81]
[48 47 46 45 44 43]
[50 47 46 45 44 43]
[50 48 46 45 44 43]
[50 48 47 45 44 43]
[50 48 47 46 44 43]
[50 48 47 46 45 43]
[50 48 47 46 45 44]
[31 29 28 26 23 21]
[32 29 28 26 23 21]
[32 31 28 26 23 21]
[32 31 29 26 23 21]
[32 31 29 28 26 23]
[89 88 87 85]
[90 88 87 85]
[90 89 87 85]
[90 89 88 85]
[90 89 88 87]
[61 60 58 56 55 54]
[63 60 58 56 55 54]
[63 61 58 56 55 54]
[63 61 60 58 55 54]
[63 61 60 58 56 54]
[63 61 60 58 56 55]
[81 80 77 75 74]
[84 81 80 77 74]
[84 81 80 77 75]
[83 82 80 79 76 75 74]
[86 83 80 79 76 75 74]
[86 83 82 79 76 75 74]
[86 83 82 80 79 76 74]
[86 83 82 80 79 76 75]
[55 58 60 62 65 66]
[53 55 58 60 62 65]
[85 86 89 90 93]
[84 86 89 90 93]
[84 85 86 89 90]
[16 13 12 11]
[18 16 13 11]
[18 16 13 12]
[15 16 18 20 23 25 26]
[13 16 18 20 23 25 26]
[13 15 18 20 23 25 26]
[13 15 16 18 20 23 26]
[13 15 16 18 20 23 25]
[10 11 13 14]
[7 10 13 14]
[7 10 11 14]
[7 10 11 13]
[80 77 76 74 73 71]
[81 80 77 74 73 71]
[81 80 77 76 73 71]
[81 80 77 76 74 71]
[81 80 77 76 74 73]
[8 7 4 3]
[9 7 4 3]
[9 8 7 4]
[63 65 67 68 70 72]
[61 63 65 68 70 72]
[61 63 65 67 70 72]
[61 63 65 67 68 70]
[6 8 11 12 14 16]
[5 8 11 12 14 16]
[5 6 8 11 14 16]
[5 6 8 11 12 14]
[57 59 60 62 64 65]
[54 57 60 62 64 65]
[54 57 59 62 64 65]
[54 57 59 60 62 65]
[54 57 59 60 62 64]
[28 31 32 33 36 38 40]
[25 28 31 33 36 38 40]
[25 28 31 32 33 36 38]
[79 77 75 72 70 67 66]
[82 79 77 75 72 70 67]
[81 79 77 76]
[84 81 79 76]
[84 81 79 77]
[8 11 14 17 18 21 22]
[6 8 11 14 17 18 21]
[15 17 20 21 24]
[12 15 17 20 21]
[84 86 87 88 91]
[81 84 87 88 91]
[81 84 86 88 91]
[81 84 86 87 88]
[45 46 48 50 51 52 54]
[43 46 48 50 51 52 54]
[43 45 48 50 51 52 54]
[43 45 46 48 51 52 54]
[43 45 46 48 50 52 54]
[43 45 46 48 50 51 54]
[43 45 46 48 50 51 52]
[56 53 51 50 49 47 46]
[57 56 53 50 49 47 46]
[57 56 53 51 49 47 46]
[57 56 53 51 50 47 46]
[57 56 53 51 50 49 46]
[57 56 53 51 50 49 47]
[64 63 61 59 58 56 54]
[65 63 61 59 58 56 54]
[65 64 61 59 58 56 54]
[65 64 63 61 58 56 54]
[65 64 63 61 59 56 54]
[65 64 63 61 59 58 56]
[37 35 32 30 29 27]
[40 37 35 32 29 27]
[40 37 35 32 30 27]
[40 37 35 32 30 29]
[79 77 76 74 71]
[82 79 76 74 71]
[82 79 77 74 71]
[82 79 77 76 74]
[42 41 39 36 34 33]
[45 42 39 36 34 33]
[45 42 41 39 36 33]
[45 42 41 39 36 34]
[23 25 27 28]
[20 23 25 28]
[20 23 25 27]
[43 46 48 49]
[42 43 46 49]
[42 43 46 48]
[45 47 49 50 53 56]
[42 45 47 50 53 56]
[42 45 47 49 50 53]
[65 64 62 59 57 54]
[66 64 62 59 57 54]
[66 65 62 59 57 54]
[66 65 64 62 59 57]
[48 46 44 41 39 38]
[49 46 44 41 39 38]
[49 48 46 44 41 38]
[49 48 46 44 41 39]
[35 34 32 31 29 28]
[38 35 32 31 29 28]
[38 35 34 31 29 28]
[38 35 34 32 29 28]
[38 35 34 32 31 28]
[38 35 34 32 31 29]
[23 26 27 29]
[22 23 26 29]
[22 23 26 27]
[65 63 60 57 54]
[67 65 63 60 57]
[22 25 27 28 30 33 36]
[20 22 25 28 30 33 36]
[20 22 25 27 30 33 36]
[20 22 25 27 28 30 33]
[23 24 25 26]
[20 23 25 26]
[20 23 24 26]
[20 23 24 25]
[71 72 73 74 76 79 81]
[69 72 73 74 76 79 81]
[69 71 73 74 76 79 81]
[69 71 72 74 76 79 81]
[69 71 72 73 76 79 81]
[69 71 72 73 74 76 79]
[74 73 72 69]
[77 74 72 69]
[77 74 73 72]
[5 8 10 11 12 13 14]
[3 5 8 11 12 13 14]
[3 5 8 10 12 13 14]
[3 5 8 10 11 13 14]
[3 5 8 10 11 12 14]
[3 5 8 10 11 12 13]
[46 43 41 38]
[47 46 43 41]
[11 12 14 15 17]
[10 12 14 15 17]
[10 11 14 15 17]
[10 11 12 15 17]
[10 11 12 14 17]
[10 11 12 14 15]
[17 15 12 11 8 5]
[18 15 12 11 8 5]
[18 17 15 12 11 8]
[37 40 41 43 44 45]
[35 37 40 43 44 45]
[35 37 40 41 44 45]
[35 37 40 41 43 45]
[35 37 40 41 43 44]
[20 22 24 26 27 28]
[19 22 24 26 27 28]
[19 20 22 24 27 28]
[19 20 22 24 26 28]
[19 20 22 24 26 27]
[69 67 64 61 59 57 56]
[70 67 64 61 59 57 56]
[70 69 67 64 61 59 56]
[70 69 67 64 61 59 57]
[82 80 78 75 73 72 71]
[83 80 78 75 73 72 71]
[83 82 80 78 75 72 71]
[83 82 80 78 75 73 71]
[83 82 80 78 75 73 72]
[48 47 44 42 41 40]
[51 48 47 44 41 40]
[51 48 47 44 42 40]
[51 48 47 44 42 41]
[68 70 73 74]
[66 68 70 73]
[91 90 88 85]
[93 90 88 85]
[93 91 88 85]
[93 91 90 88]
[9 8 7 6]
[11 8 7 6]
[11 9 7 6]
[11 9 8 6]
[11 9 8 7]
[37 35 33 32 31 28]
[40 37 35 32 31 28]
[40 37 35 33 31 28]
[40 37 35 33 32 31]
[27 29 32 35]
[25 27 29 32]
[36 38 39 41]
[35 38 39 41]
[35 36 39 41]
[35 36 38 41]
[35 36 38 39]
[42 45 47 50 51 54]
[40 42 45 47 50 51]
[52 54 56 57 60]
[49 52 54 57 60]
[49 52 54 56 57]
[52 53 56 58 61 63 66]
[49 52 53 56 58 61 63]
[62 59 57 56]
[64 62 59 56]
[64 62 59 57]
[64 65 66 67 68]
[63 65 66 67 68]
[63 64 66 67 68]
[63 64 65 67 68]
[63 64 65 66 68]
[63 64 65 66 67]
[72 73 75 78]
[70 73 75 78]
[70 72 75 78]
[70 72 73 75]
[79 78 75 73]
[82 79 78 75]
[66 65 63 61 60 58 55]
[67 65 63 61 60 58 55]
[67 66 63 61 60 58 55]
[67 66 65 63 60 58 55]
[67 66 65 63 61 58 55]
[67 66 65 63 61 60 58]
[5 7 9 11 13]
[4 7 9 11 13]
[4 5 7 9 11]
[69 67 65 63 60 57]
[71 69 67 65 63 60]
[87 84 83 82 80 77 74]
[90 87 84 82 80 77 74]
[90 87 84 83 80 77 74]
[90 87 84 83 82 80 77]
[28 25 23 21 19 17]
[31 28 25 23 21 19]
[51 52 55 57 59 62]
[48 51 52 55 57 59]
[34 31 30 27 25]
[36 34 31 30 27]
[29 31 32 33 36]
[26 29 32 33 36]
[26 29 31 33 36]
[26 29 31 32 33]
[43 40 38 37]
[44 43 40 37]
[44 43 40 38]
[65 68 70 73 75]
[62 65 68 70 73]
[62 64 65 68 69 72]
[61 64 65 68 69 72]
[61 62 65 68 69 72]
[61 62 64 65 68 69]
[60 63 66 68 71 73]
[57 60 63 66 68 71]
[37 39 40 42 43 45]
[35 37 40 42 43 45]
[35 37 39 42 43 45]
[35 37 39 40 43 45]
[35 37 39 40 42 45]
[35 37 39 40 42 43]
[91 90 87 85]
[93 90 87 85]
[93 91 90 87]
[23 21 20 19 17 15 13]
[24 21 20 19 17 15 13]
[24 23 20 19 17 15 13]
[24 23 21 19 17 15 13]
[24 23 21 20 17 15 13]
[24 23 21 20 19 17 15]
[83 84 85 88]
[82 84 85 88]
[82 83 85 88]
[82 83 84 85]
[31 32 35 37]
[30 32 35 37]
[30 31 32 35]
[31 30 29 28 26 23 21]
[32 30 29 28 26 23 21]
[32 31 29 28 26 23 21]
[32 31 30 28 26 23 21]
[32 31 30 29 26 23 21]
[32 31 30 29 28 26 23]
[55 53 52 49]
[57 55 52 49]
[57 55 53 52]
[65 66 67 68 70]
[62 65 67 68 70]
[62 65 66 68 70]
[62 65 66 67 70]
[62 65 66 67 68]
[65 68 69 70 73]
[64 65 68 70 73]
[64 65 68 69 70]
[57 60 63 66 67 68 70]
[56 57 60 63 66 68 70]
[56 57 60 63 66 67 70]
[56 57 60 63 66 67 68]
[14 17 19 22 24 25 27]
[12 14 17 19 22 25 27]
[12 14 17 19 22 24 27]
[12 14 17 19 22 24 25]
[35 32 30 28 25 22 20]
[38 35 32 30 28 25 22]
[75 76 77 79 82 83]
[73 76 77 79 82 83]
[73 75 77 79 82 83]
[73 75 76 79 82 83]
[73 75 76 77 79 82]
[29 26 23 20]
[31 29 26 23]
[26 27 30 33 34]
[25 27 30 33 34]
[25 26 27 30 33]
[17 14 11 8 6]
[18 17 14 11 8]
[23 22 20 17]
[25 22 20 17]
[25 23 20 17]
[25 23 22 20]
[56 58 59 62 64 66]
[55 58 59 62 64 66]
[55 56 59 62 64 66]
[55 56 58 59 62 64]
[80 82 85 88 89 91 92]
[79 82 85 88 89 91 92]
[79 80 82 85 88 91 92]
[79 80 82 85 88 89 92]
[79 80 82 85 88 89 91]
[67 65 62 60]
[68 65 62 60]
[68 67 65 62]
[87 88 89 92 93 96]
[84 87 89 92 93 96]
[84 87 88 89 92 93]
[32 33 35 38 41 44]
[30 33 35 38 41 44]
[30 32 35 38 41 44]
[30 32 33 35 38 41]
[85 82 81 79 76 75]
[86 85 82 79 76 75]
[86 85 82 81 79 76]
[47 44 42 40 38]
[48 47 44 42 40]
[71 69 66 63 62]
[72 69 66 63 62]
[72 71 69 66 63]
[45 43 41 39 37]
[46 43 41 39 37]
[46 45 43 41 39]
[42 41 40 39 38 36 33]
[44 41 40 39 38 36 33]
[44 42 40 39 38 36 33]
[44 42 41 39 38 36 33]
[44 42 41 40 38 36 33]
[44 42 41 40 39 36 33]
[44 42 41 40 39 38 36]
[22 20 19 18]
[23 20 19 18]
[23 22 19 18]
[23 22 20 18]
[23 22 20 19]
[30 32 33 36 38]
[29 32 33 36 38]
[29 30 33 36 38]
[29 30 32 33 36]
[34 31 28 27 25 23 21]
[35 34 31 28 25 23 21]
[35 34 31 28 27 25 23]
[52 50 47 45 44 43]
[54 52 50 47 44 43]
[54 52 50 47 45 43]
[54 52 50 47 45 44]
[93 90 89 87]
[96 93 90 87]
[96 93 90 89]
[77 78 81 84 86]
[76 78 81 84 86]
[76 77 78 81 84]
[15 16 19 22]
[13 16 19 22]
[13 15 16 19]
[60 61 63 64 66 67]
[58 61 63 64 66 67]
[58 60 63 64 66 67]
[58 60 61 64 66 67]
[58 60 61 63 66 67]
[58 60 61 63 64 67]
[58 60 61 63 64 66]
[77 76 74 73 71]
[78 76 74 73 71]
[78 77 74 73 71]
[78 77 76 73 71]
[78 77 76 74 71]
[78 77 76 74 73]
[38 41 44 47 49]
[35 38 41 44 47]
[74 76 77 78]
[73 76 77 78]
[73 74 77 78]
[73 74 76 78]
[73 74 76 77]
[26 24 23 22 21]
[28 26 23 22 21]
[28 26 24 22 21]
[28 26 24 23 21]
[28 26 24 23 22]
[51 52 55 56]
[49 52 55 56]
[49 51 52 55]
[91 92 95 96 99]
[88 91 92 95 96]
[88 90 93 94]
[85 88 90 93]
[76 78 80 81 83 84]
[73 76 78 81 83 84]
[73 76 78 80 83 84]
[73 76 78 80 81 84]
[73 76 78 80 81 83]
[35 33 32 31 29]
[38 35 32 31 29]
[38 35 33 31 29]
[38 35 33 32 29]
[38 35 33 32 31]
[29 26 23 22 20 18 16]
[32 29 26 23 20 18 16]
[32 29 26 23 22 20 18]
[69 68 65 62 59 57 54]
[70 68 65 62 59 57 54]
[70 69 68 65 62 59 57]
[79 76 73 70]
[80 79 76 73]
[10 9 7 6]
[12 9 7 6]
[12 10 7 6]
[12 10 9 6]
[12 10 9 7]
[72 71 69 67]
[75 72 69 67]
[75 72 71 69]
[61 59 58 57 56]
[64 61 58 57 56]
[64 61 59 57 56]
[64 61 59 58 56]
[64 61 59 58 57]
[90 92 95 96]
[88 90 92 95]
[60 63 64 66]
[58 60 63 66]
[58 60 63 64]
[96 95 92 91 90 89 87]
[99 96 95 92 90 89 87]
[99 96 95 92 91 89 87]
[99 96 95 92 91 90 87]
[99 96 95 92 91 90 89]
[17 19 22 24 25 28]
[16 19 22 24 25 28]
[16 17 19 22 25 28]
[16 17 19 22 24 25]
[79 81 84 85 86]
[77 79 81 84 86]
[77 79 81 84 85]
[26 23 21 19 18]
[28 26 23 21 18]
[28 26 23 21 19]
[81 80 79 76 74 73 70]
[82 80 79 76 74 73 70]
[82 81 79 76 74 73 70]
[82 81 80 79 76 73 70]
[82 81 80 79 76 74 73]
[75 74 73 71 70 69 68]
[76 74 73 71 70 69 68]
[76 75 73 71 70 69 68]
[76 75 74 71 70 69 68]
[76 75 74 73 70 69 68]
[76 75 74 73 71 69 68]
[76 75 74 73 71 70 68]
[76 75 74 73 71 70 69]
[92 91 88 85]
[94 91 88 85]
[94 92 91 88]
[12 13 14 17 18 20]
[11 13 14 17 18 20]
[11 12 14 17 18 20]
[11 12 13 14 17 20]
[11 12 13 14 17 18]
[73 71 69 67 65 62 61]
[74 71 69 67 65 62 61]
[74 73 71 69 67 65 62]
[26 27 28 30 32 35]
[25 27 28 30 32 35]
[25 26 28 30 32 35]
[25 26 27 30 32 35]
[25 26 27 28 30 32]
[64 67 68 70 73]
[61 64 67 70 73]
[61 64 67 68 70]
[56 55 54 51 50]
[58 55 54 51 50]
[58 56 54 51 50]
[58 56 55 54 51]
[66 65 64 61 59]
[69 66 64 61 59]
[69 66 65 64 61]
[50 53 55 56]
[47 50 53 56]
[47 50 53 55]
[25 22 19 16 14 12 11]
[26 25 22 19 16 14 11]
[26 25 22 19 16 14 12]
[52 54 57 60 61]
[51 54 57 60 61]
[51 52 54 57 60]
[59 56 55 54 52 51]
[60 59 56 54 52 51]
[60 59 56 55 52 51]
[60 59 56 55 54 51]
[60 59 56 55 54 52]
[47 50 53 54 57 59 61]
[46 47 50 53 54 57 59]
418
